##peso boi 18 meses
p18_m<-c(
357,263,281,438,401,279,311,306,381,297,271,255,288,275,305,331,321,341,348,324,286,320,330,331,341,341,361,351,341,351,360,341,269,299,264,328,450,404,495,
339,330,384,419,332,390,308,381,351,349,391,306,260,255,362,324,285,573,297,341,376,361,375,336,405,355,417,339,316,258,367,298,333,293,286,342,337,348,352,
401,304,261,307,305,263,280,345,385,374,413,438,389,418,503,283,339,285,304,318,402,354,413,434,395,337,358,396,447,374,397,382,441,411,405,343,222,307,359,
369,316,314,339,372,334,296,307,323,309,254,316,291,309,294,275,318,277,328,311,342,276,271,323,322,298,308,369,342,292,304,321,376,406,381,296,442,373,383,
363,355,325,301,334,309,322,325,299,295,292,253,323,250,242,230,236,307,237,303,371,285,321,314,349,341,361,394,441,330,365,321,353,388,330,354,359,332,315,
324,340,345,358,361,356,288,333,349,299,310,371,298,298,277,268,410,392,305,302,345,308,327,297,426,394,330,459,361,346,345,376,460,300,339,182,314,363,369,
350,302,360,298,350,371,247,374,298,320,271,325,325,274,293,368,322,346,368,348,313,377,338,369,394,355,333,291,339,345,302,327,399,325,341,408,324,351,351,
363,316,314,325,337,296,292,300,331,357,351,293,388,366,374,348,364,368,279,339,329,343,324,336,380,282,295,360,339,286,272,330,264,380,339,349,326,296,328,
405,338,330,369,317,323,361,383,361,370,366,265,285,382,340,364,335,286,280,366,384,392,316,343,227,374,395,293)

#peso do boi com 12 meses
p12_m<-c(
217,182,214,359,296,299,239,189,242,277,240,234,197,182,249,294,312,426,246,217,193,224,212,225,246,229,238,223,242,209,223,199,209,249,223,289,316,242,322,
178,177,304,262,193,238,187,252,228,208,319,222,179,219,274,245,280,380,209,294,294,310,327,302,309,283,309,266,245,222,271,174,289,233,286,248,269,275,244,
308,187,161,210,264,231,247,297,362,362,407,428,367,389,411,213,256,219,231,218,248,201,257,272,257,203,195,220,251,205,247,236,292,273,267,225,207,193,267,
264,197,187,283,324,280,292,172,234,208,199,260,233,253,241,217,233,227,261,252,265,211,217,229,225,216,263,287,278,233,232,253,308,337,319,227,365,298,301,
257,307,263,240,269,284,283,237,254,261,234,239,271,182,193,194,182,217,191,240,226,222,235,233,283,243,241,255,345,221,274,276,258,281,272,229,258,227,233,
212,220,254,218,256,253,190,204,253,202,185,237,225,220,205,242,252,213,199,227,204,220,229,194,280,269,227,295,266,215,261,318,288,238,246,179,234,277,292,
299,247,260,245,261,267,178,285,254,232,233,251,269,197,240,311,272,286,239,220,206,265,224,221,287,235,184,219,198,217,210,195,279,185,193,291,187,220,222,
240,194,190,206,226,184,186,178,211,229,244,169,276,255,263,242,235,221,191,207,209,218,218,196,236,198,195,219,226,173,162,207,183,240,203,232,210,186,213,
247,180,195,241,197,206,208,250,242,249,243,209,172,234,217,212,192,161,187,219,226,259,202,204,170,243,272,161)

#peso no nascimento
esc_m<-c(
6,5,6,7,5,7,6,6,5,6,6,6,5,5,5,6,6,6,6,6,6,6,6,6,6,6,6,6,7,6,6,6,6,6,6,6,6,6,6,5,6,6,5,5,6,6,6,5,6,7,6,7,6,7,7,7,7,7,7,7,7,7,7,7,7,6,8,6,6,7,8,6,7,8,7,7,6,8,
7,7,7,7,6,7,7,7,7,7,7,7,7,7,7,6,6,7,6,6,7,6,6,6,6,6,6,6,6,6,6,6,6,7,7,6,6,7,7,6,6,6,8,7,7,8,7,7,6,7,7,6,7,7,7,7,7,5,7,7,7,7,7,6,7,7,7,7,7,7,7,7,6,7,7,7,6,7,
6,7,7,7,7,7,7,7,7,7,7,7,7,6,6,5,6,7,6,6,7,7,6,6,7,7,7,6,7,6,6,6,6,6,6,6,6,6,6,6,6,6,6,6,7,6,6,7,6,6,6,7,7,6,6,6,6,7,7,6,7,7,7,7,7,6,6,6,7,6,7,6,7,7,6,7,7,7,
7,7,7,6,7,7,6,6,7,6,7,6,6,6,6,7,7,6,6,5,6,7,6,6,7,7,6,7,6,6,6,6,6,6,6,7,5,6,6,6,7,6,7,5,6,7,6,7,6,6,7,7,7,7,6,7,7,6,5,6,7,7,7,7,7,6,7,7,5,5,6,6,7,7,6,7,6,7,
7,6,6,6,5,6,6,6,6,7,6,6,7,6,7,6,6,6,6,7,6,6,6,6,6,6,6,6)

#peso da mãe do boi
tempd_m<-c(
232,238,222,243,243,243,266,188,245,276,272,274,228,229,255,310,310,243,251,251,238,230,251,241,243,241,241,225,237,229,233,236,227,223,181,181,248,242,246,
241,252,253,254,244,248,227,227,230,234,283,193,243,237,236,233,232,239,234,232,237,235,233,235,239,233,230,226,226,235,228,226,226,228,226,232,231,235,226,
234,156,171,171,270,269,269,278,198,184,177,194,184,189,170,215,216,211,188,176,219,219,232,228,221,210,169,232,228,212,221,217,224,215,222,219,227,215,252,
178,219,214,318,308,309,319,229,226,222,229,277,275,282,269,268,267,269,268,267,276,283,278,282,269,272,268,269,269,282,277,274,273,271,267,281,268,271,274,
269,283,231,228,269,267,269,263,262,267,267,262,267,244,242,233,233,233,244,240,180,227,233,188,267,269,269,265,267,267,265,265,267,280,266,230,257,230,254,
237,234,243,234,229,244,234,240,240,234,200,248,260,271,275,270,279,277,261,249,261,244,248,238,274,275,280,269,269,266,268,267,278,278,275,255,267,275,272,
273,267,256,272,270,263,258,263,266,258,246,280,277,277,274,274,266,260,236,251,248,260,255,252,255,257,255,255,258,258,235,255,239,236,235,242,259,259,241,
233,250,250,250,243,237,240,242,243,234,242,255,259,248,259,247,245,244,245,224,239,231,234,239,245,243,238,243,238,219,250,241,243,242,254,252,255,257,256,
254,254,249,249,234,238,250,241,248,236,235,259,238,259,251,239,241,225,224,239,231,240,211,219,239,256,239,254)

#peso do boi quando desmamou
pd_m<-c(
199,163,193,306,252,249,239,122,237,249,214,219,189,186,211,293,304,213,219,209,179,214,188,206,229,214,231,227,249,218,216,207,169,199,159,209,239,204,244,
158,165,229,222,166,209,158,237,199,190,263,204,148,203,242,191,267,294,169,288,239,225,255,220,227,219,261,231,204,201,234,222,253,199,222,213,227,266,238,
272,185,163,201,232,217,213,258,202,211,217,229,224,210,214,194,237,208,183,195,247,220,261,265,255,203,205,206,209,207,266,238,258,222,204,197,180,213,238,
212,228,214,289,297,295,314,188,248,228,198,283,245,281,250,224,256,226,271,266,266,223,263,240,219,215,276,302,285,226,226,249,307,319,313,203,358,288,307,
225,286,221,237,245,227,257,231,201,258,239,232,222,174,222,194,176,215,189,239,227,222,243,198,253,227,214,229,287,188,237,262,207,232,226,184,246,219,215,
191,189,235,211,236,231,194,200,234,163,149,226,190,216,190,235,245,203,207,245,223,224,241,202,240,229,179,259,255,185,215,300,274,240,237,201,218,256,277,
290,247,259,221,247,267,189,283,247,237,259,259,254,221,245,293,270,289,244,260,211,270,241,213,297,254,187,199,210,207,211,192,287,209,168,257,206,215,219,
243,216,219,224,246,198,176,159,206,259,232,202,285,277,251,255,260,240,214,213,225,238,232,220,265,230,220,223,246,178,179,200,207,215,214,227,217,211,200,
229,177,208,255,199,217,214,272,259,248,240,211,161,266,236,208,195,167,213,239,255,268,221,231,189,239,263,188)




